501
544
1002
1005
1008
1009
1010
1011
1012
1013
1020
1022
1026
1027
1029
1031
1032
1033
1034
1035
1036
1037
1038
1039
1040
1050
1053
1054
1057
1060
1061
1062
1066
1068
1069
1070
1071
1072
1073
1075
1077
1079
1080
1081
1082
1083
1084
1085
1086
1088
1093
1096
1097
1098
1101
1103
1104
1105
1107
1109
1115
1118
1119
1128
1129
1151
1152
1201
1220
1222
1223
1224
1225
1226
1229
1230
1235
1236
1237
1238
1240
1243
1244
1245
1247
1252
1253
1254
1255
1256
1257
1258
1259
1260
1262
1263
1264
1266
1267
1270
1301
1330
1331
1337
1338
1339
1340
1341
1342
1343
1344
1346
1349
1350
1351
1354
1355
1360
1364
1366
1367
1368
1370
1373
1375
1376
1378
1379
1430
1431
1436
1438
1440
1451
1452
1468
1473
1474
1475
1477
1506
1507
1515
1518
1521
1524
1529
1531
1535
1537
1540
1541
1542
1550
1562
1566
1570
1571
1580
1582
1585
1603
1608
1610
1611
1719
1731
1741
1745
1770
1805
1807
1822
1827
1840
1841
1842
1850
1853
1860
1863
1885
1889
1901
1903
1908
1913
1922
1929
1936
1951
1952
1961
1966
1982
1983
1985
2020
2051
2061
2071
2108
2110
2111
2112
2113
2114
2115
2116
2117
2118
2119
2120
2121
2122
2123
2125
2126
2127
2128
2129
2133
2134
2135
2137
2138
2139
2140
2141
2142
2143
2144
2145
2148
2149
2150
2151
2152
2153
2156
2163
2185
2187
2199
2203
2205
2210
2215
2222
2238
2338
2345
2346
2367
2446
2451
2454
2462
2464
2465
2466
2471
2472
2475
2495
2534
2535
2536
2537
2538
2539
2540
2541
2542
2543
2552
2553
2554
2556
2557
2558
2559
2561
2562
2563
2564
2565
2568
2571
2573
2574
2575
2576
2584
2601
2630
2631
2632
2633
2635
2636
2637
2638
2639
2641
2642
2643
2644
2645
2646
2647
2648
2649
2650
2651
2652
2653
2655
2657
2659
2660
2661
2662
2663
2664
2666
2667
2668
2669
2670
2671
2672
2673
2675
2715
2717
2719
2721
2723
2724
2725
2738
2739
2740
2743
2744
2745
2746
2747
2748
2764
2768
2769
2770
2771
2777
2779
2790
2791
2801
2802
2804
2807
2824
2827
2833
2836
2837
2838
2858
2860
2861
2862
2863
2872
2873
2875
2876
2877
2880
2883
2887
2894
2898
2903
2905
2906
2907
2908
2909
2912
2915
2916
2918
3031
3032
3033
3034
3036
3037
3038
3040
3041
3042
3043
3044
3045
3046
3047
3048
3049
3051
3052
3053
3054
3055
3057
3060
3061
3062
3063
3064
3070
3071
3073
3076
3077
3079
3082
3084
3086
3087
3101
3102
3103
3104
3105
3106
3108
3109
3110
3215
3216
3217
3218
3220
3221
3222
3223
3224
3225
3226
3227
3229
3230
3231
3233
3234
3235
3237
3238
3240
3241
3242
3243
3244
3245
3246
3247
3249
3251
3252
3253
3254
3255
3256
3257
3258
3259
3260
3261
3262
3263
3264
3266
3268
3269
3272
3273
3274
3275
3276
3278
3279
3280
3281
3282
3284
3285
3287
3289
3290
3291
3293
3301
3302
3303
3304
3307
3431
3440
3441
3442
3443
3444
3445
3446
3447
3448
3449
3450
3451
3452
3455
3456
3457
3458
3461
3462
3464
3465
3466
3467
3468
3469
3470
3561
3570
3574
3575
3576
3579
3580
3581
3582
3583
3584
3585
3586
3588
3589
3590
3592
3593
3595
3597
3598
3601
3602
3603
3604
3605
3607
3608
3609
3740
3741
3743
3745
3746
3748
3749
3750
3751
3752
3753
3754
3755
3765
3766
3768
3769
3770
3771
3773
3774
3777
3779
3780
3781
3782
3784
3785
3801
3802
3809
3810
3811
3812
3813
3814
3815
3816
3817
3818
3819
3820
3821
3823
3824
3825
3826
3827
3830
3832
3833
3835
3836
3837
3838
3839
3840
3841
3842
3843
3844
3845
3846
3847
3848
3849
3850
3851
3852
3853
3854
3855
3856
3857
3858
3859
3860
3861
3862
3864
3865
3866
3867
3868
3869
3870
3871
3872
3873
3874
3875
3878
3882
3883
3884
3885
3886
3887
3890
3894
3896
3897
5001
5009
5030
5031
5032
5033
5034
5035
5036
5037
5038
5039
5040
5041
5042
5043
5045
5046
5047
5048
5049
5050
5051
5052
5053
5054
5055
5056
5058
5059
5060
5061
5062
5065
5067
5068
5069
5070
5071
5072
5073
5074
5075
5076
5077
5079
5081
5083
5084
5085
5086
5088
5089
5091
5101
5141
5142
5143
5144
5146
5148
5149
5150
5151
5152
5153
5154
5155
5156
5158
5159
5161
5201
5250
5251
5252
5253
5254
5255
5257
5260
5261
5262
5301
5302
5303
5304
5340
5341
5342
5343
5344
5345
5346
5350
5351
5352
5353
5354
5355
5356
5357
5358
5359
5360
5361
5362
5363
5401
5402
5403
5404
5405
5406
5407
5408
5439
5440
5441
5442
5443
5444
5445
5446
5447
5448
5449
5450
5451
5452
5453
5454
5455
5456
5457
5458
5459
5460
5461
5462
5463
5464
5465
5466
5468
5469
5470
5471
5472
5473
5474
5476
5477
5478
5479
5481
5482
5483
5485
5486
5487
5488
5489
5490
5491
5492
5494
5495
5601
5602
5603
5604
5609
5620
5633
5640
5641
5647
5648
5649
5650
5651
5652
5653
5654
5655
5656
5657
5658
5660
5661
5662
5663
5664
5665
5666
5667
5669
5670
5671
5672
5673
5674
5675
5676
5677
5678
5679
5680
5681
5682
5701
5702
5730
5731
5732
5733
5734
5735
5736
5737
5738
5739
5740
5741
5742
5743
5744
5745
5746
5747
5748
5750
5751
5753
5757
5758
5759
5760
5761
5762
5763
5764
5765
5766
5767
5768
5769
5770
5772
5773
5774
5775
5776
5777
5778
5819
5820
5821
5822
5823
5824
5825
5826
5827
5828
5829
5830
5832
5833
5836
5837
5838
5839
5840
5841
5842
5843
5845
5846
5847
5848
5849
5850
5851
5853
5855
5857
5858
5859
5860
5861
5862
5863
5866
5867
5868
5871
5872
5873
5874
5875
5901
5902
5903
5904
5905
5906
5907
6001
6002
6010
6013
6016
6018
6019
6020
6021
6022
6023
6024
6025
6026
6027
6028
6029
6030
6031
6032
6033
6034
6035
6037
6039
6040
6042
6043
6051
6052
6053
6057
6058
6059
6060
6061
6062
6063
6064
6065
6066
6067
6068
6069
6070
6071
6072
6073
6074
6075
6076
6077
6078
6079
6081
6082
6084
6085
6088
6089
6090
6091
6092
6093
6094
6095
6096
6098
6101
6103
6105
6106
6107
6108
6109
6110
6111
6112
6114
6117
6118
6119
6120
6131
6152
6199
6226
6230
6231
6232
6234
6235
6237
6238
6239
6241
6242
6243
6244
6246
6247
6248
6249
6250
6251
6254
6255
6256
6259
6260
6262
6264
6266
6267
6268
6269
6277
6278
6279
6280
6281
6282
6320
6330
6331
6332
6333
6334
6335
6336
6338
6339
6340
6351
6353
6354
6355
6357
6359
6360
6365
6370
6371
6372
6373
6374
6375
6376
6377
6378
6379
6380
6382
6384
6385
6387
6388
6389
6390
6401
6403
6404
6405
6409
6410
6412
6413
6414
6415
6416
6417
6418
6419
6420
6422
6423
6424
6426
6437
6438
6439
6440
6441
6442
6443
6444
6447
6450
6451
6455
6456
6457
6460
6461
6467
6468
6469
6470
6471
6472
6473
6475
6477
6478
6479
6480
6481
6482
6483
6484
6488
6489
6491
6492
6498
6501
6510
6511
6512
6513
6514
6515
6516
6517
6518
6519
6524
6525
6531
6602
6604
6605
6606
6607
6608
6610
6611
6612
6614
6615
6650
6702
6704
6705
6706
6708
6710
6712
6716
6750
6751
6752
6753
6754
6755
6756
6757
6758
6759
6762
6763
6770
6776
6777
6778
6779
6782
6783
6784
6785
6786
6787
6790
6791
6793
6794
6795
6796
6798
6801
6804
6807
6810
6811
6812
6814
6820
6824
6825
6829
6830
6831
6836
6840
6850
6851
6852
6853
6854
6855
6870
6875
6876
6877
6878
6880
6883
6890
6896
6897
6901
6902
6903
6905
6906
6907
6910
6911
7001
7002
7007
7010
7018
7019
7020
7022
7024
7029
7030
7047
7051
7055
7061
7064
7072
7073
7077
7086
7087
7091
7093
7101
7102
7103
7105
7106
7107
7108
7111
7112
7201
7202
7203
7206
7207
7302
7303
7304
7305
7306
7307
7308
7309
7310
7416
7418
7460
7501
7503
7504
7505
7510
7513
7514
7522
7524
7538
7544
7602
7603
7606
7608
7620
7650
7703
7710
7752
7763
7765
7806
7820
7822
7823
7825
7827
7832
7851
7857
7863
7931
7934
7935
7976
7977
7978
8001
8006
8008
8011
8014
8015
8018
8019
8025
8027
8029
8030
8031
8038
8039
8041
8042
8045
8049
8059
8063
8064
8065
8070
8071
8072
8073
8074
8076
8078
8079
8084
8092
8093
8095
8097
8099
8101
8102
8103
8104
8105
8202
8203
8204
8212
8213
8214
8217
8218
8219
8220
8224
8226
8231
8232
8240
8241
8242
8243
8245
8246
8247
8248
8250
8251
8252
8260
8302
8310
8311
8314
8317
8318
8319
8320
8323
8324
8326
8327
8328
8329
8340
8341
8342
8344
8345
8346
8347
8348
8349
8350
8352
8353
8401
8402
8403
8406
8511
8526
8528
8530
8541
8543
8544
8554
8555
8556
8559
8561
8601
8608
8609
8611
8618
8629
8638
8640
8641
8701
8720
8722
8730
8732
8733
8735
8738
8739
8740
8741
8750
8751
8752
8754
8802
8803
8804
8808
8818
8821
8825
8827
8832
8858
8858
8861
8867
8870
8885
8887
8888
8903
10001
10002
10003
10004
10005
10006
10007
10008
10009
10010
10011
10012
10013
10014
10016
10017
10018
10019
10020
10021
10022
10023
10024
10025
10026
10027
10028
10029
10030
10031
10032
10033
10034
10035
10036
10037
10038
10039
10040
10041
10043
10044
10045
10046
10055
10060
10065
10069
10072
10075
10079
10080
10081
10082
10087
10090
10094
10095
10096
10098
10099
10101
10102
10103
10104
10105
10106
10107
10108
10109
10110
10111
10112
10113
10114
10115
10116
10117
10118
10119
10120
10121
10122
10123
10124
10125
10126
10128
10129
10130
10131
10132
10133
10138
10149
10150
10151
10152
10153
10154
10155
10156
10157
10158
10159
10160
10161
10162
10163
10164
10165
10166
10167
10168
10169
10170
10171
10172
10173
10174
10175
10176
10177
10178
10179
10184
10185
10196
10197
10199
10203
10211
10212
10213
10242
10249
10256
10257
10258
10259
10260
10261
10265
10268
10269
10270
10271
10272
10273
10274
10275
10276
10277
10278
10279
10280
10281
10282
10285
10286
10292
10301
10302
10303
10304
10305
10306
10307
10308
10309
10310
10312
10314
10451
10452
10453
10454
10455
10456
10457
10458
10459
10460
10461
10462
10463
10464
10465
10466
10467
10468
10469
10470
10471
10472
10473
10474
10475
10499
10503
10506
10511
10517
10518
10519
10521
10535
10540
10542
10545
10546
10550
10551
10553
10576
10578
10587
10597
10601
10602
10610
10702
10802
10805
10910
10911
10912
10914
10915
10916
10918
10919
10921
10922
10924
10925
10927
10928
10931
10932
10933
10940
10941
10953
10958
10959
10963
10964
10968
10969
10973
10975
10979
10981
10982
10985
10988
10990
10993
10996
10998
11002
11004
11005
11022
11026
11027
11042
11051
11052
11053
11054
11055
11096
11101
11102
11103
11104
11105
11106
11109
11120
11201
11202
11203
11204
11205
11206
11207
11208
11209
11210
11211
11212
11213
11214
11215
11216
11217
11218
11219
11220
11221
11222
11223
11224
11225
11226
11228
11229
11230
11231
11232
11233
11234
11235
11236
11237
11238
11239
11240
11241
11242
11243
11245
11247
11249
11251
11252
11256
11351
11352
11354
11355
11356
11358
11359
11366
11367
11368
11369
11370
11371
11372
11373
11374
11375
11377
11378
11379
11380
11381
11385
11386
11390
11405
11411
11412
11413
11414
11415
11416
11417
11418
11419
11420
11421
11424
11425
11428
11429
11430
11431
11433
11434
11435
11436
11439
11451
11499
11509
11531
11535
11549
11551
11555
11556
11559
11569
11571
11582
11599
11690
11691
11692
11693
11694
11695
11697
11707
11709
11736
11737
11760
11765
11773
11774
11775
11794
11802
11815
11819
11853
11854
11930
11931
11932
11935
11937
11939
11944
11947
11948
11954
11956
11957
11958
11959
11960
11962
11963
11964
11965
11968
11969
11970
11971
11972
11975
11976
12007
12008
12009
12010
12015
12017
12018
12019
12020
12022
12023
12024
12025
12027
12028
12029
12031
12032
12033
12035
12036
12037
12040
12041
12042
12043
12045
12046
12047
12050
12051
12052
12053
12054
12055
12056
12057
12058
12059
12060
12061
12062
12063
12065
12066
12067
12068
12070
12071
12072
12074
12075
12076
12077
12078
12082
12083
12084
12085
12086
12087
12090
12092
12093
12094
12095
12106
12107
12108
12110
12115
12116
12117
12118
12120
12121
12122
12123
12124
12125
12128
12130
12132
12133
12134
12136
12137
12138
12140
12141
12143
12144
12147
12148
12149
12150
12151
12153
12154
12155
12156
12157
12158
12159
12160
12161
12164
12165
12166
12167
12168
12169
12170
12172
12173
12174
12175
12176
12177
12180
12182
12183
12184
12185
12186
12187
12188
12189
12190
12192
12193
12195
12196
12197
12198
12201
12202
12203
12204
12205
12206
12207
12208
12209
12210
12211
12212
12220
12222
12223
12224
12226
12301
12302
12303
12304
12305
12306
12307
12308
12309
12325
12401
12404
12405
12406
12407
12409
12410
12411
12412
12413
12414
12416
12417
12418
12419
12420
12421
12422
12423
12424
12427
12428
12429
12430
12431
12432
12433
12435
12436
12438
12439
12440
12441
12442
12443
12444
12446
12448
12449
12450
12451
12452
12453
12454
12455
12456
12457
12458
12460
12461
12463
12464
12465
12466
12468
12469
12470
12471
12472
12473
12474
12475
12477
12480
12481
12482
12483
12484
12485
12486
12487
12489
12490
12491
12492
12493
12494
12495
12496
12498
12501
12502
12503
12504
12506
12507
12510
12511
12512
12513
12514
12515
12516
12517
12520
12521
12522
12523
12525
12526
12527
12528
12529
12530
12534
12537
12541
12542
12543
12544
12545
12546
12547
12548
12549
12561
12565
12566
12567
12568
12571
12572
12574
12575
12578
12580
12581
12583
12584
12585
12586
12588
12589
12592
12593
12594
12602
12701
12721
12723
12729
12736
12746
12754
12758
12760
12764
12771
12775
12776
12780
12783
12785
12788
12789
12790
12801
12803
12804
12808
12809
12810
12814
12815
12816
12817
12820
12821
12822
12823
12824
12827
12828
12831
12832
12833
12834
12835
12836
12838
12839
12841
12842
12843
12845
12846
12848
12849
12850
12851
12853
12854
12858
12859
12860
12861
12863
12865
12866
12870
12871
12873
12874
12878
12883
12884
12885
12886
12887
12901
12912
12913
12919
12924
12932
12939
12941
12942
12943
12945
12946
12952
12953
12970
12972
12976
12977
12983
12986
12989
12993
12996
12997
13020
13021
13022
13026
13027
13028
13029
13030
13031
13032
13033
13034
13035
13036
13037
13039
13040
13041
13042
13044
13045
13053
13054
13057
13060
13063
13066
13068
13069
13071
13072
13073
13077
13078
13080
13081
13082
13084
13088
13090
13092
13104
13108
13110
13111
13112
13114
13116
13118
13120
13126
13131
13132
13134
13135
13136
13140
13141
13142
13143
13144
13145
13146
13147
13148
13152
13154
13155
13156
13159
13160
13160
13164
13165
13166
13167
13202
13203
13204
13205
13206
13207
13208
13209
13210
13211
13212
13214
13215
13219
13220
13221
13224
13290
13308
13309
13316
13317
13320
13323
13326
13327
13332
13334
13339
13340
13346
13348
13350
13357
13365
13367
13402
13403
13406
13408
13410
13411
13413
13415
13417
13421
13426
13428
13439
13440
13452
13459
13460
13461
13464
13476
13478
13488
13492
13501
13502
13601
13602
13605
13607
13612
13616
13618
13619
13622
13624
13632
13634
13637
13650
13655
13656
13667
13673
13679
13730
13731
13732
13733
13734
13736
13739
13740
13743
13744
13745
13746
13748
13752
13753
13754
13755
13756
13757
13760
13761
13774
13775
13777
13778
13780
13782
13783
13786
13787
13788
13790
13795
13797
13801
13802
13803
13807
13809
13811
13812
13813
13814
13815
13820
13825
13827
13830
13832
13833
13835
13838
13839
13840
13841
13842
13843
13844
13845
13849
13850
13856
13862
13864
13865
13901
13902
13903
13904
13905
14001
14004
14005
14006
14008
14009
14011
14012
14013
14020
14024
14026
14027
14031
14032
14033
14034
14036
14037
14039
14040
14042
14043
14047
14051
14052
14054
14055
14056
14057
14058
14059
14066
14067
14068
14069
14070
14072
14075
14080
14082
14083
14085
14086
14091
14092
14094
14098
14102
14103
14105
14108
14109
14111
14113
14120
14125
14126
14127
14130
14131
14132
14139
14141
14143
14150
14167
14172
14174
14201
14202
14203
14204
14206
14207
14208
14209
14210
14211
14212
14213
14214
14215
14216
14217
14218
14219
14220
14221
14222
14223
14224
14225
14226
14227
14228
14301
14303
14304
14305
14410
14411
14414
14415
14416
14418
14420
14422
14423
14424
14425
14427
14428
14430
14432
14433
14435
14437
14441
14445
14449
14450
14454
14456
14461
14462
14464
14466
14467
14468
14469
14470
14471
14472
14475
14476
14477
14478
14479
14480
14481
14482
14485
14486
14487
14489
14502
14505
14506
14507
14510
14511
14512
14513
14514
14516
14517
14518
14519
14521
14522
14525
14526
14527
14530
14532
14534
14536
14541
14543
14544
14546
14548
14549
14550
14551
14555
14556
14559
14560
14561
14564
14568
14569
14571
14572
14580
14586
14589
14590
14591
14604
14605
14606
14607
14608
14609
14610
14611
14612
14613
14614
14615
14616
14617
14618
14619
14620
14621
14622
14623
14624
14625
14626
14627
14638
14650
14692
14721
14727
14731
14735
14739
14741
14744
14753
14760
14777
14801
14802
14805
14809
14810
14812
14813
14814
14815
14816
14817
14818
14821
14822
14823
14824
14825
14830
14837
14838
14839
14840
14841
14843
14845
14847
14850
14853
14854
14858
14859
14860
14861
14864
14865
14867
14869
14870
14871
14872
14873
14874
14878
14879
14880
14881
14882
14883
14884
14885
14886
14887
14889
14891
14892
14894
14895
14901
14902
14903
14904
14905
15004
15006
15007
15014
15018
15019
15020
15021
15022
15028
15030
15031
15032
15033
15034
15035
15038
15043
15045
15047
15049
15050
15051
15053
15054
15055
15056
15059
15060
15062
15063
15064
15065
15067
15069
15072
15075
15076
15077
15078
15081
15082
15083
15084
15087
15088
15089
15091
15095
15096
15104
15110
15112
15123
15127
15131
15132
15133
15134
15135
15140
15144
15148
15201
15203
15207
15213
15219
15222
15224
15225
15230
15231
15232
15233
15267
15270
15275
15310
15311
15312
15313
15314
15315
15316
15320
15322
15323
15324
15325
15327
15329
15333
15334
15336
15337
15338
15339
15340
15344
15345
15346
15347
15348
15349
15350
15351
15352
15357
15358
15359
15360
15361
15362
15363
15364
15365
15370
15376
15377
15401
15410
15411
15417
15419
15423
15424
15425
15427
15428
15430
15431
15432
15433
15435
15436
15437
15438
15440
15442
15444
15445
15446
15448
15450
15451
15456
15458
15459
15461
15462
15464
15466
15468
15469
15470
15473
15474
15475
15476
15477
15478
15479
15480
15482
15483
15485
15486
15488
15501
15502
15520
15521
15522
15530
15531
15532
15533
15534
15535
15537
15538
15539
15540
15541
15542
15544
15545
15546
15547
15550
15551
15552
15554
15557
15558
15559
15560
15561
15562
15563
15564
15565
15610
15611
15612
15613
15615
15617
15618
15619
15620
15622
15623
15624
15627
15628
15629
15634
15635
15637
15638
15639
15640
15641
15647
15655
15656
15658
15661
15662
15663
15665
15666
15670
15671
15673
15675
15676
15677
15678
15679
15681
15682
15683
15684
15686
15687
15688
15690
15691
15692
15693
15696
15697
15698
15701
15712
15713
15714
15716
15717
15720
15721
15722
15724
15725
15728
15729
15731
15732
15733
15734
15736
15738
15739
15741
15742
15744
15746
15747
15748
15750
15753
15754
15756
15757
15759
15762
15763
15764
15765
15767
15770
15771
15772
15773
15774
15775
15776
15778
15779
15780
15783
15784
15801
15823
15824
15825
15828
15829
15834
15840
15845
15846
15848
15849
15851
15853
15856
15857
15860
15861
15864
15865
15866
15868
15870
15901
15902
15904
15905
15906
15907
15909
15920
15921
15922
15923
15924
15925
15926
15927
15928
15929
15931
15935
15936
15937
15938
15940
15942
15943
15944
15946
15948
15949
15951
15952
15953
15954
15955
15956
15957
15958
15960
15961
15963
16003
16020
16022
16024
16025
16027
16028
16029
16030
16034
16035
16036
16038
16039
16040
16041
16045
16048
16049
16050
16051
16052
16054
16057
16058
16061
16101
16102
16103
16105
16110
16111
16112
16113
16114
16115
16116
16117
16120
16121
16123
16124
16125
16127
16130
16131
16132
16133
16134
16136
16137
16140
16141
16142
16143
16145
16146
16148
16150
16151
16153
16154
16155
16156
16157
16159
16160
16161
16201
16210
16213
16214
16218
16220
16221
16222
16224
16226
16228
16232
16233
16235
16236
16238
16239
16240
16242
16246
16248
16249
16254
16255
16256
16258
16259
16262
16263
16301
16314
16316
16317
16319
16323
16326
16327
16329
16334
16335
16340
16342
16343
16344
16346
16351
16353
16354
16360
16364
16365
16371
16372
16373
16374
16375
16401
16402
16403
16404
16406
16407
16410
16411
16412
16415
16417
16422
16424
16426
16428
16433
16436
16438
16440
16441
16442
16475
16501
16502
16503
16504
16505
16506
16507
16508
16509
16510
16511
16512
16565
16601
16602
16603
16611
16613
16616
16617
16619
16620
16621
16622
16623
16625
16627
16629
16630
16631
16633
16634
16635
16636
16637
16638
16639
16640
16641
16645
16646
16647
16648
16650
16651
16652
16655
16656
16657
16659
16660
16661
16662
16664
16665
16666
16667
16668
16669
16671
16672
16673
16674
16675
16678
16679
16680
16683
16684
16685
16686
16689
16691
16692
16693
16695
16701
16720
16726
16727
16729
16731
16732
16735
16738
16740
16743
16744
16745
16746
16748
16749
16750
16801
16802
16803
16804
16820
16821
16822
16823
16825
16826
16827
16828
16829
16830
16832
16833
16834
16836
16838
16839
16840
16841
16844
16845
16847
16848
16852
16853
16854
16855
16858
16859
16860
16861
16863
16865
16866
16868
16870
16871
16872
16874
16875
16877
16878
16879
16881
16882
16901
16912
16914
16915
16921
16922
16923
16925
16926
16930
16933
16936
16938
16943
16946
16947
16948
16950
17001
17002
17004
17005
17006
17009
17010
17014
17016
17017
17020
17021
17023
17024
17027
17028
17029
17030
17032
17035
17037
17039
17040
17041
17044
17045
17047
17048
17049
17051
17052
17054
17056
17058
17059
17060
17061
17062
17063
17064
17066
17068
17072
17074
17075
17077
17080
17081
17082
17083
17084
17085
17086
17087
17088
17090
17093
17094
17097
17098
17099
17101
17102
17103
17105
17106
17107
17108
17120
17123
17124
17125
17211
17212
17213
17214
17215
17220
17221
17223
17224
17228
17229
17231
17233
17235
17236
17237
17238
17240
17241
17243
17244
17247
17249
17250
17251
17253
17254
17255
17256
17260
17261
17262
17263
17264
17265
17266
17267
17270
17271
17272
17302
17303
17304
17306
17307
17309
17310
17311
17312
17317
17318
17321
17323
17324
17329
17342
17343
17344
17352
17353
17354
17355
17358
17364
17365
17371
17372
17401
17405
17503
17504
17505
17506
17507
17508
17509
17516
17518
17521
17528
17529
17532
17533
17534
17536
17537
17549
17560
17562
17563
17564
17567
17568
17570
17572
17573
17575
17576
17580
17581
17582
17583
17604
17605
17606
17607
17608
17701
17702
17703
17720
17721
17723
17724
17726
17727
17728
17729
17731
17737
17739
17740
17742
17744
17745
17747
17748
17750
17751
17752
17754
17756
17758
17763
17764
17765
17767
17768
17769
17771
17772
17774
17776
17777
17778
17779
17801
17810
17812
17813
17814
17815
17820
17821
17822
17823
17824
17827
17830
17831
17833
17834
17835
17836
17837
17839
17840
17841
17842
17843
17844
17845
17846
17847
17850
17851
17853
17855
17856
17856
17859
17860
17861
17862
17864
17865
17866
17867
17868
17870
17872
17876
17878
17880
17881
17882
17883
17884
17885
17886
17887
17888
17889
17920
17921
17922
17923
17925
17929
17930
17931
17935
17938
17941
17942
17943
17945
17946
17948
17949
17952
17953
17954
17957
17959
17960
17961
17963
17964
17965
17967
17968
17970
17976
17978
17979
17980
17981
17983
17985
18013
18018
18030
18035
18044
18053
18056
18063
18065
18066
18070
18074
18077
18079
18081
18083
18084
18085
18086
18087
18101
18102
18109
18201
18211
18212
18214
18216
18218
18219
18220
18221
18224
18225
18231
18232
18234
18237
18240
18241
18242
18244
18245
18246
18247
18248
18250
18252
18255
18256
18320
18323
18325
18328
18331
18333
18335
18336
18337
18340
18342
18347
18348
18351
18352
18357
18371
18403
18405
18407
18411
18413
18414
18415
18417
18419
18420
18421
18424
18425
18426
18427
18428
18430
18431
18433
18434
18435
18436
18437
18438
18439
18441
18443
18445
18446
18447
18451
18452
18453
18455
18456
18458
18459
18460
18461
18462
18463
18464
18465
18469
18470
18471
18472
18473
18501
18502
18503
18504
18505
18508
18509
18510
18512
18517
18518
18519
18601
18602
18603
18614
18615
18616
18617
18618
18619
18621
18622
18623
18624
18625
18626
18628
18629
18630
18631
18632
18634
18635
18636
18641
18643
18644
18651
18655
18656
18657
18660
18661
18701
18703
18704
18705
18706
18709
18801
18810
18812
18818
18821
18822
18823
18824
18825
18826
18828
18829
18830
18831
18832
18833
18834
18837
18840
18842
18844
18845
18846
18847
18848
18850
18851
18853
18854
18910
18913
18920
18927
18930
18932
18933
18934
18936
18942
18947
18955
18963
18970
18972
19013
19017
19018
19019
19021
19022
19023
19028
19029
19032
19033
19036
19037
19039
19043
19050
19052
19058
19065
19070
19074
19076
19078
19079
19082
19094
19101
19102
19103
19104
19105
19106
19107
19108
19110
19111
19112
19113
19114
19118
19120
19121
19122
19123
19124
19127
19129
19130
19131
19132
19133
19134
19135
19136
19137
19138
19139
19140
19141
19144
19145
19146
19147
19148
19149
19150
19151
19152
19153
19154
19160
19310
19316
19318
19319
19330
19331
19345
19346
19347
19351
19353
19353
19354
19357
19358
19360
19362
19366
19367
19369
19371
19374
19375
19376
19381
19395
19405
19421
19432
19435
19436
19437
19442
19457
19470
19472
19477
19480
19481
19482
19490
19492
19501
19503
19505
19507
19511
19526
19529
19534
19539
19545
19549
19550
19551
19554
19555
19562
19601
19602
19604
19611
19710
19716
19717
19721
19730
19731
19735
19736
19801
19806
19894
19897
19898
19899
19902
19903
19906
19931
19936
19944
19953
19954
19955
19961
19964
19969
19979
19980
20001
20002
20003
20004
20005
20006
20007
20008
20009
20010
20011
20012
20013
20015
20016
20017
20018
20019
20020
20023
20024
20027
20032
20035
20036
20037
20041
20044
20045
20052
20057
20059
20060
20061
20062
20064
20071
20090
20106
20108
20113
20115
20116
20117
20118
20119
20122
20128
20129
20130
20131
20134
20135
20137
20138
20139
20140
20142
20144
20146
20153
20156
20159
20160
20163
20167
20168
20172
20177
20178
20182
20184
20185
20188
20192
20195
20196
20198
20301
20310
20317
20319
20330
20350
20374
20375
20407
20420
20422
20500
20604
20606
20608
20609
20610
20612
20618
20621
20625
20626
20627
20629
20630
20635
20640
20643
20645
20656
20658
20660
20661
20662
20664
20667
20670
20680
20682
20686
20687
20689
20692
20693
20697
20701
20703
20704
20709
20710
20712
20717
20722
20725
20726
20731
20738
20741
20742
20745
20749
20750
20752
20753
20755
20757
20758
20762
20765
20768
20770
20771
20773
20775
20776
20779
20781
20783
20784
20787
20788
20790
20791
20792
20797
20799
20812
20838
20839
20842
20849
20862
20916
21020
21022
21023
21031
21034
21051
21056
21062
21071
21077
21082
21088
21092
21105
21106
21130
21132
21139
21150
21152
21153
21156
21160
21201
21202
21205
21210
21211
21213
21217
21218
21223
21230
21231
21235
21239
21240
21250
21285
21287
21402
21404
21405
21501
21502
21520
21521
21522
21523
21524
21529
21530
21531
21532
21536
21538
21539
21540
21541
21542
21543
21545
21550
21555
21556
21557
21560
21561
21562
21601
21607
21609
21610
21612
21613
21617
21619
21620
21622
21623
21624
21625
21626
21627
21628
21629
21631
21632
21634
21635
21636
21638
21639
21640
21641
21643
21644
21645
21647
21648
21649
21650
21651
21652
21653
21654
21655
21656
21657
21658
21659
21660
21661
21662
21663
21664
21665
21666
21667
21668
21669
21670
21671
21672
21673
21675
21676
21677
21678
21679
21711
21714
21715
21717
21718
21719
21720
21721
21722
21733
21734
21749
21750
21756
21757
21759
21762
21765
21766
21767
21775
21778
21779
21780
21781
21782
21790
21791
21792
21798
21801
21804
21810
21811
21813
21814
21817
21821
21822
21824
21826
21829
21830
21835
21836
21837
21838
21840
21841
21842
21843
21849
21850
21851
21852
21853
21856
21857
21861
21862
21863
21864
21865
21866
21867
21869
21871
21872
21874
21875
21901
21902
21903
21904
21911
21912
21913
21914
21915
21916
21917
21918
21919
21920
21921
21930
22009
22034
22035
22036
22037
22038
22040
22060
22081
22082
22095
22096
22103
22108
22116
22121
22122
22125
22134
22135
22156
22158
22159
22160
22161
22183
22185
22194
22195
22199
22209
22210
22211
22212
22214
22215
22216
22217
22219
22222
22225
22226
22227
22230
22240
22241
22242
22243
22244
22245
22246
22313
22320
22331
22332
22333
22334
22403
22427
22430
22432
22433
22435
22436
22437
22438
22442
22443
22446
22448
22451
22454
22456
22460
22463
22469
22471
22472
22473
22476
22480
22482
22488
22501
22503
22504
22507
22509
22511
22513
22514
22517
22520
22523
22524
22526
22528
22529
22530
22534
22535
22538
22539
22542
22544
22545
22547
22548
22552
22555
22558
22560
22565
22567
22570
22572
22576
22577
22578
22579
22580
22581
22601
22602
22603
22604
22610
22620
22623
22624
22625
22627
22630
22637
22639
22640
22642
22643
22645
22650
22652
22655
22656
22657
22663
22664
22709
22711
22713
22714
22715
22716
22718
22719
22720
22721
22722
22723
22724
22725
22726
22727
22728
22729
22730
22731
22732
22733
22734
22735
22736
22737
22738
22739
22740
22741
22742
22743
22746
22747
22748
22749
22801
22802
22807
22810
22812
22815
22821
22824
22827
22830
22831
22832
22835
22840
22841
22842
22843
22844
22846
22849
22850
22851
22853
22901
22902
22903
22904
22905
22911
22920
22922
22923
22924
22931
22932
22935
22936
22937
22938
22939
22940
22942
22943
22945
22946
22947
22948
22949
22952
22957
22958
22959
22960
22963
22964
22965
22967
22968
22969
22971
22972
22973
22974
22976
22980
22987
22989
23002
23004
23009
23011
23015
23021
23022
23023
23024
23025
23027
23030
23031
23032
23035
23038
23039
23040
23043
23045
23047
23050
23055
23056
23058
23061
23062
23063
23064
23065
23066
23067
23068
23069
23070
23071
23072
23075
23076
23079
23081
23083
23084
23085
23086
23089
23091
23092
23093
23102
23105
23106
23108
23109
23110
23115
23117
23119
23123
23124
23125
23126
23128
23129
23130
23138
23139
23140
23141
23146
23147
23148
23149
23153
23156
23160
23161
23162
23163
23168
23169
23170
23173
23175
23176
23177
23180
23181
23186
23187
23188
23192
23219
23232
23250
23298
23301
23302
23303
23306
23307
23308
23310
23313
23316
23336
23337
23341
23345
23347
23350
23354
23356
23357
23358
23359
23389
23395
23396
23398
23399
23401
23404
23405
23407
23408
23409
23410
23412
23413
23414
23415
23416
23417
23418
23419
23420
23421
23422
23423
23426
23427
23440
23441
23442
23443
23480
23482
23483
23486
23488
23801
23804
23806
23821
23822
23824
23830
23833
23839
23840
23841
23842
23843
23845
23846
23847
23850
23856
23857
23867
23868
23872
23873
23876
23879
23881
23882
23883
23885
23887
23888
23889
23890
23893
23894
23901
23915
23917
23919
23920
23921
23922
23923
23924
23927
23930
23934
23936
23937
23938
23939
23941
23942
23943
23944
23947
23950
23952
23954
23955
23958
23959
23960
23962
23963
23964
23966
23967
23968
23970
23974
23976
24011
24012
24013
24014
24015
24016
24017
24018
24019
24040
24042
24043
24050
24053
24054
24055
24058
24059
24060
24061
24064
24065
24066
24067
24069
24070
24072
24073
24076
24077
24078
24079
24082
24083
24084
24085
24086
24087
24088
24089
24090
24091
24092
24093
24095
24101
24102
24104
24105
24111
24112
24120
24121
24122
24124
24126
24127
24128
24130
24131
24132
24133
24134
24136
24137
24138
24139
24141
24143
24146
24147
24148
24149
24150
24151
24153
24161
24162
24165
24167
24168
24171
24174
24175
24176
24177
24178
24179
24184
24185
24201
24202
